# Auto-generated lookup tables from HOMA2 Calculator v2.2.4 validation data
# (c) Diabetes Trials Unit, University of Oxford

# --- ins ---
homa2_ins_gluc_axis <- c(3.0, 4.1, 5.2, 6.3, 7.4, 8.5, 9.6, 10.7, 11.8, 12.9, 14.0, 15.1, 16.2, 17.3, 18.4, 19.5, 20.6, 21.7, 22.8, 23.9, 25.0)
homa2_ins_horm_axis <- c(20, 39, 58, 77, 96, 115, 134, 153, 172, 191, 210, 229, 248, 267, 286, 305, 324, 343, 362, 381, 400)
homa2_ins_b_mat <- matrix(c(
  139.8, 73.7, 45.4, 30.8, 22.2, 16.8, 13.2, 10.7, 8.8, 7.4, 6.3, 5.5, 4.8, 4.3, 3.8, 3.4, 3.1, 2.8, 2.6, 2.4, 2.2, 216.7, 114.8, 71.1, 48.4, 35.2, 26.9, 21.2, 17.3, 14.4, 12.2, 10.5, 9.2, 8.1, 7.3, 6.5, 5.9, 5.4, 5.0, 4.6, 4.3, 4.0, 281.3, 149.6, 93.0, 63.6, 46.5, 35.7, 28.3, 23.2, 19.4, 16.6, 14.4, 12.6, 11.3, 10.1, 9.2, 8.4, 7.7, 7.2, 6.7, 6.3, 5.9, 338.8, 180.7, 112.7, 77.4, 56.8, 43.8, 35.0, 28.7, 24.2, 20.7, 18.1, 16.0, 14.3, 12.9, 11.8, 10.8, 10.0, 9.3, 8.7, 8.2, 7.8, 391.5, 209.4, 131.0, 90.3, 66.5, 51.4, 41.2, 34.0, 28.8, 24.8, 21.7, 19.3, 17.3, 15.7, 14.4, 13.3, 12.4, 11.6, 10.9, 10.3, 9.7, 440.6, 236.2, 148.2, 102.5, 75.7, 58.7, 47.3, 39.2, 33.2, 28.8, 25.3, 22.5, 20.3, 18.5, 17.0, 15.8, 14.7, 13.8, 13.0, 12.3, 11.7, 486.9, 261.6, 164.5, 114.1, 84.5, 65.8, 53.1, 44.2, 37.6, 32.7, 28.8, 25.8, 23.3, 21.3, 19.7, 18.3, 17.1, 16.1, 15.2, 14.5, 13.8, 530.8, 285.8, 180.2, 125.2, 93.1, 72.6, 58.8, 49.1, 41.9, 36.5, 32.3, 29.0, 26.3, 24.2, 22.4, 20.8, 19.6, 18.4, 17.5, 16.7, 15.9, 572.9, 309.0, 195.2, 136.0, 101.4, 79.3, 64.4, 53.9, 46.2, 40.3, 35.8, 32.2, 29.4, 27.0, 25.0, 23.4, 22.0, 20.8, 19.8, 18.9, 18.1, 613.2, 331.4, 209.8, 146.5, 109.4, 85.9, 69.9, 58.7, 50.4, 44.1, 39.3, 35.5, 32.4, 29.9, 27.8, 26.0, 24.5, 23.2, 22.1, 21.1, 20.3, 652.0, 353.0, 223.9, 156.7, 117.3, 92.3, 75.3, 63.4, 54.6, 47.9, 42.8, 38.7, 35.4, 32.7, 30.5, 28.6, 27.0, 25.7, 24.5, 23.4, 22.5, 689.6, 373.9, 237.6, 166.6, 125.0, 98.6, 80.7, 68.0, 58.7, 51.7, 46.2, 41.9, 38.5, 35.6, 33.3, 31.3, 29.6, 28.1, 26.9, 25.8, 24.8, 725.9, 394.2, 251.0, 176.3, 132.6, 104.7, 85.9, 72.6, 62.8, 55.4, 49.7, 45.2, 41.5, 38.5, 36.0, 33.9, 32.2, 30.6, 29.3, 28.1, 27.1, 761.2, 414.0, 264.0, 185.9, 140.0, 110.8, 91.1, 77.1, 66.9, 59.2, 53.1, 48.4, 44.6, 41.4, 38.8, 36.6, 34.8, 33.2, 31.8, 30.5, 29.4, 795.5, 433.3, 276.7, 195.2, 147.3, 116.8, 96.2, 81.7, 71.0, 62.9, 56.6, 51.6, 47.6, 44.4, 41.6, 39.4, 37.4, 35.7, 34.2, 32.9, 31.8, 828.9, 452.1, 289.2, 204.3, 154.5, 122.8, 101.3, 86.1, 75.0, 66.6, 60.1, 54.9, 50.7, 47.3, 44.5, 42.1, 40.0, 38.3, 36.7, 35.4, 34.2, 861.5, 470.5, 301.5, 213.3, 161.6, 128.6, 106.4, 90.6, 79.0, 70.3, 63.5, 58.1, 53.8, 50.3, 47.3, 44.8, 42.7, 40.9, 39.3, 37.8, 36.6, 893.3, 488.5, 313.4, 222.1, 168.6, 134.4, 111.4, 95.0, 83.0, 74.0, 67.0, 61.4, 56.9, 53.2, 50.2, 47.6, 45.4, 43.5, 41.8, 40.3, 39.0, 924.4, 506.2, 325.2, 230.8, 175.5, 140.2, 116.3, 99.4, 87.0, 77.7, 70.4, 64.7, 60.0, 56.2, 53.0, 50.4, 48.1, 46.1, 44.4, 42.8, 41.5, 954.9, 523.4, 336.8, 239.4, 182.3, 145.8, 121.2, 103.8, 91.0, 81.3, 73.8, 67.9, 63.1, 59.2, 55.9, 53.2, 50.8, 48.8, 47.0, 45.4, 44.0, 984.6, 540.4, 348.2, 247.9, 189.0, 151.5, 126.1, 108.1, 95.0, 85.0, 77.3, 71.2, 66.2, 62.2, 58.8, 56.0, 53.5, 51.4, 49.6, 47.9, 46.4
), nrow=21, ncol=21)
homa2_ins_s_mat <- matrix(c(
  308.9, 279.8, 262.2, 250.4, 241.8, 234.9, 229.1, 223.9, 218.3, 210.9, 200.7, 187.3, 171.4, 154.0, 135.6, 116.6, 96.8, 76.2, 54.5, 31.0, 5.0, 159.3, 144.2, 135.2, 129.1, 124.6, 121.1, 118.1, 115.4, 112.5, 108.7, 103.5, 96.6, 88.4, 79.4, 69.9, 60.1, 49.9, 39.3, 28.1, 16.0, 2.6, 107.6, 97.5, 91.4, 87.3, 84.2, 81.9, 79.8, 78.0, 76.0, 73.5, 69.9, 65.3, 59.7, 53.7, 47.3, 40.6, 33.8, 26.6, 19.0, 10.8, 1.8, 81.5, 73.8, 69.2, 66.1, 63.8, 62.0, 60.5, 59.1, 57.6, 55.6, 52.9, 49.4, 45.2, 40.6, 35.8, 30.8, 25.6, 20.1, 14.4, 8.2, 1.3, 65.7, 59.5, 55.8, 53.3, 51.4, 50.0, 48.7, 47.6, 46.4, 44.9, 42.7, 39.8, 36.5, 32.7, 28.9, 24.8, 20.6, 16.2, 11.6, 6.6, 1.1, 55.1, 49.9, 46.8, 44.7, 43.2, 41.9, 40.9, 39.9, 38.9, 37.6, 35.8, 33.4, 30.6, 27.5, 24.2, 20.8, 17.3, 13.6, 9.7, 5.6, 0.9, 47.5, 43.1, 40.4, 38.6, 37.2, 36.2, 35.3, 34.5, 33.6, 32.5, 30.9, 28.8, 26.4, 23.7, 20.9, 18.0, 14.9, 11.8, 8.4, 4.8, 0.8, 41.9, 37.9, 35.5, 33.9, 32.8, 31.8, 31.0, 30.3, 29.6, 28.6, 27.2, 25.4, 23.2, 20.9, 18.4, 15.8, 13.1, 10.3, 7.4, 4.2, 0.7, 37.4, 33.9, 31.8, 30.3, 29.3, 28.5, 27.8, 27.1, 26.4, 25.5, 24.3, 22.7, 20.8, 18.7, 16.4, 14.1, 11.7, 9.3, 6.6, 3.8, 0.6, 33.9, 30.7, 28.7, 27.5, 26.5, 25.8, 25.1, 24.5, 23.9, 23.1, 22.0, 20.5, 18.8, 16.9, 14.9, 12.8, 10.6, 8.4, 6.0, 3.4, 0.6, 30.9, 28.0, 26.3, 25.1, 24.2, 23.5, 23.0, 22.4, 21.9, 21.1, 20.1, 18.8, 17.2, 15.4, 13.6, 11.7, 9.7, 7.7, 5.5, 3.1, 0.5, 28.5, 25.8, 24.2, 23.1, 22.3, 21.7, 21.2, 20.7, 20.1, 19.5, 18.5, 17.3, 15.8, 14.2, 12.5, 10.8, 9.0, 7.1, 5.0, 2.9, 0.5, 26.5, 24.0, 22.5, 21.5, 20.7, 20.1, 19.6, 19.2, 18.7, 18.1, 17.2, 16.0, 14.7, 13.2, 11.6, 10.0, 8.3, 6.6, 4.7, 2.7, 0.4, 24.7, 22.4, 21.0, 20.0, 19.3, 18.8, 18.3, 17.9, 17.4, 16.9, 16.0, 15.0, 13.7, 12.3, 10.9, 9.3, 7.8, 6.1, 4.4, 2.5, 0.4, 23.2, 21.0, 19.7, 18.8, 18.1, 17.6, 17.2, 16.8, 16.4, 15.8, 15.0, 14.0, 12.9, 11.6, 10.2, 8.8, 7.3, 5.7, 4.1, 2.3, 0.4, 21.8, 19.8, 18.5, 17.7, 17.1, 16.6, 16.2, 15.8, 15.4, 14.9, 14.2, 13.2, 12.1, 10.9, 9.6, 8.3, 6.9, 5.4, 3.9, 2.2, 0.4, 20.6, 18.7, 17.5, 16.7, 16.2, 15.7, 15.3, 15.0, 14.6, 14.1, 13.4, 12.5, 11.5, 10.3, 9.1, 7.8, 6.5, 5.1, 3.7, 2.1, 0.3, 19.6, 17.8, 16.6, 15.9, 15.3, 14.9, 14.5, 14.2, 13.8, 13.4, 12.7, 11.9, 10.9, 9.8, 8.6, 7.4, 6.2, 4.9, 3.5, 2.0, 0.3, 18.6, 16.9, 15.8, 15.1, 14.6, 14.2, 13.8, 13.5, 13.2, 12.7, 12.1, 11.3, 10.4, 9.3, 8.2, 7.1, 5.9, 4.6, 3.3, 1.9, 0.3, 17.8, 16.1, 15.1, 14.4, 13.9, 13.5, 13.2, 12.9, 12.6, 12.2, 11.6, 10.8, 9.9, 8.9, 7.8, 6.7, 5.6, 4.4, 3.2, 1.8, 0.3, 17.0, 15.4, 14.5, 13.8, 13.3, 13.0, 12.6, 12.3, 12.0, 11.6, 11.1, 10.3, 9.5, 8.5, 7.5, 6.4, 5.4, 4.2, 3.0, 1.7, 0.3
), nrow=21, ncol=21)

# --- spec_ins ---
homa2_spec_gluc_axis <- c(3.0, 4.1, 5.2, 6.3, 7.4, 8.5, 9.6, 10.7, 11.8, 12.9, 14.0, 15.1, 16.2, 17.3, 18.4, 19.5, 20.6, 21.7, 22.8, 23.9, 25.0)
homa2_spec_horm_axis <- c(20, 34, 48, 62, 76, 90, 104, 118, 132, 146, 160, 174, 188, 202, 216, 230, 244, 258, 272, 286, 300)
